generation, Top Error, Gen Error, Trial 0, Trial 1, Trial 2, Trial 3
1, 0.718334538835803, 0.718334538835803, 0.597694634006826, 0.864949359723885, 0.871264149033815, 0.539430012578684
2, 0.696552647616197, 0.696552647616197, 0.924768607929343, 0.283974637146256, 0.422892363354767, 1.15457498203442
3, 0.586131489082454, 0.586131489082454, 0.156983679057714, 0.343850820307107, 0.88412913861672, 0.959562318348276
4, 0.566540326780869, 0.566540326780869, 0.132470325331467, 0.381434103355292, 0.822863939373188, 0.929392939063527
5, 0.578809768879676, 0.578809768879676, 0.135032822779909, 0.338691637426165, 0.882184979586052, 0.959329635726577
6, 0.558927488691624, 0.558927488691624, 0.134813552780575, 0.264396498347825, 0.906853786180797, 0.929646117457298
7, 0.432957338065446, 0.432957338065446, 0.490742001960368, 0.323819169796899, 0.487936768477693, 0.429331412026824
8, 0.422414535152046, 0.422414535152046, 0.518400852801126, 0.314003706965296, 0.464090652640991, 0.393162928200768
9, 0.414903849305216, 0.414903849305216, 0.534097459215394, 0.30777937158781, 0.448181405377614, 0.369557161040048
10, 0.411889479825263, 0.411889479825263, 0.535601113123718, 0.306269833178844, 0.44627343171198, 0.359413541286508
11, 0.401906641352862, 0.401906641352862, 0.563461657635662, 0.28524019065319, 0.44000307595463, 0.318921641167967
12, 0.398596784927147, 0.398596784927147, 0.568255036804561, 0.279564290735543, 0.439646068203892, 0.306921743964591
13, 0.39485189621292, 0.39485189621292, 0.572218720676376, 0.27511134439887, 0.440181142904626, 0.291896376871808
14, 0.392323734346877, 0.392323734346877, 0.587125453463478, 0.274834194065352, 0.438378110769639, 0.268957179089038
15, 0.391058184285412, 0.391058184285412, 0.582575673327716, 0.267131730006917, 0.446028316577378, 0.268497017229636
16, 0.387603080343495, 0.387603080343495, 0.562484791942193, 0.264904533334404, 0.429431110452987, 0.293591885644396
17, 0.36639566554396, 0.36639566554396, 0.404580912038176, 0.436067427965416, 0.342079242056816, 0.282855080115431
18, 0.36639566554396, 0.388091842305566, 0.56165289719241, 0.267363444278101, 0.427250137869816, 0.296100889881936
19, 0.362514921749077, 0.362514921749077, 0.400137978999317, 0.426136976203234, 0.34702726303114, 0.276757468762616
20, 0.362514921749077, 0.383150929460413, 0.539913738236883, 0.262836449700562, 0.436486938870645, 0.293366591033561
21, 0.362514921749077, 0.381324512492093, 0.570648890252635, 0.25045470790535, 0.405464840138539, 0.29872961167185
22, 0.362514921749077, 0.382242034102861, 0.542377472541762, 0.249054814142774, 0.442796776793575, 0.294739072933331
23, 0.362514921749077, 0.381264331356854, 0.583097329486272, 0.232181558414878, 0.448233677540495, 0.261544759985771
24, 0.362514921749077, 0.381358706641501, 0.531864165814347, 0.237349558400061, 0.454224361338237, 0.301996741013359
25, 0.362514921749077, 0.376363043857841, 0.547113665940487, 0.243212701198794, 0.440307295176137, 0.274818513115944
26, 0.362514921749077, 0.380240180126109, 0.541576370129765, 0.242633357640501, 0.446196771169154, 0.290554221565016
27, 0.362514921749077, 0.377405264546486, 0.526668672670427, 0.278310641284005, 0.434700787943275, 0.269940956288238
28, 0.362514921749077, 0.377404110570169, 0.528794501584339, 0.237581851474586, 0.439558762570144, 0.303681326651606
29, 0.362514921749077, 0.369680666529687, 0.546327110785815, 0.243420028555842, 0.439790809664027, 0.249184717113064
30, 0.362514921749077, 0.376059972173819, 0.543754021236217, 0.245888798449795, 0.457340950028289, 0.257256118980976
31, 0.362514921749077, 0.373496864819436, 0.552206595132233, 0.239280272707439, 0.446566608637681, 0.255933982800393
32, 0.362514921749077, 0.373361712011467, 0.566031390125877, 0.23352642727309, 0.439380814781614, 0.254508215865285
33, 0.362514921749077, 0.369888878669756, 0.536565939707677, 0.232994680642941, 0.442680157439306, 0.267314736889101
34, 0.362514921749077, 0.36672662169698, 0.580604230558517, 0.230980965936343, 0.394742333985438, 0.260578956307622
35, 0.362514921749077, 0.371515310786695, 0.547596310753803, 0.23273583978847, 0.445966908702139, 0.259762183902366
36, 0.362514921749077, 0.369312023706379, 0.543024343156604, 0.251169973781752, 0.435899234522634, 0.247154543364526
37, 0.362514921749077, 0.369132528882687, 0.540749684610059, 0.226378206001357, 0.447289044882722, 0.26211318003661
38, 0.362514921749077, 0.36718480141205, 0.53657489186603, 0.234583283588402, 0.450031188527579, 0.247549841666189
39, 0.362514921749077, 0.36632109168938, 0.524171753640615, 0.237066735793793, 0.439224355777369, 0.264821521545743
40, 0.362514921749077, 0.365587666094155, 0.52375783207742, 0.232733813976773, 0.447136081281466, 0.25872293704096
41, 0.362514921749077, 0.365643840427921, 0.539726784757469, 0.246240421479963, 0.405638696716752, 0.270969458757502
42, 0.362514921749077, 0.365624018438595, 0.533833833586631, 0.222521504280559, 0.455923921600653, 0.250216814286538
43, 0.362514921749077, 0.365995927268949, 0.506381924234025, 0.230876839215146, 0.452934756237745, 0.273790189388878
44, 0.361172735358895, 0.361172735358895, 0.512873280886548, 0.230433572322519, 0.450318526541469, 0.251065561685045
45, 0.361172735358895, 0.364787767248083, 0.533431025047599, 0.229189858995017, 0.447993130262071, 0.248537054687645
46, 0.360425651837076, 0.360425651837076, 0.5097539939167, 0.23381052324671, 0.443701132875997, 0.254436957308896
47, 0.359091944191721, 0.359091944191721, 0.512511760319234, 0.23063536246093, 0.450310503002789, 0.242910150983932
48, 0.35852166267231, 0.35852166267231, 0.511198069667703, 0.211345679954628, 0.464869531700207, 0.246673369366701
49, 0.35852166267231, 0.360429354342759, 0.503173501549534, 0.230113551954816, 0.45580340963851, 0.252626954228174
50, 0.358218508766083, 0.358218508766083, 0.50415766016511, 0.226935439271992, 0.448663175182766, 0.253117760444463
51, 0.358217933110437, 0.358217933110437, 0.527529083131517, 0.210071425104121, 0.449789092150103, 0.245482132056007
52, 0.358217933110437, 0.360920402618071, 0.51802748605875, 0.214060460562308, 0.462012516402576, 0.24958114744865
53, 0.358213901722635, 0.358213901722635, 0.502666199713855, 0.209488570138887, 0.472525695581223, 0.248175141456576
54, 0.357826656005586, 0.357826656005586, 0.512344486153442, 0.204780545169466, 0.470328874523136, 0.243852718176302
55, 0.357826656005586, 0.357909163354134, 0.505808484469819, 0.229590545255128, 0.444922617338692, 0.251315006352895
56, 0.354752279591086, 0.354752279591086, 0.4903737286874, 0.208182924853808, 0.466985044918312, 0.253467419904827
57, 0.354752279591086, 0.355769919695491, 0.506224142443039, 0.225181240690431, 0.449692452201556, 0.241981843446938
58, 0.354752279591086, 0.355137981578956, 0.509964523985572, 0.206977238905864, 0.457247130234426, 0.246363033189964
59, 0.352831057570121, 0.352831057570121, 0.50529481579738, 0.204087293113498, 0.45520688734205, 0.246735234027557
60, 0.352831057570121, 0.355119550700633, 0.514981900047763, 0.214404269747362, 0.447243127998003, 0.243848905009405
61, 0.352831057570121, 0.353144692373367, 0.493285302431306, 0.20915780332247, 0.460351921939389, 0.249783741800301
62, 0.352831057570121, 0.353604229711504, 0.499760066721362, 0.210886495970101, 0.450980230159576, 0.252790125994978
63, 0.352413219171242, 0.352413219171242, 0.503541003084713, 0.20577265268427, 0.453535330024034, 0.246803890891949
64, 0.351480878448582, 0.351480878448582, 0.501697784549177, 0.212332732586914, 0.447482920587145, 0.244410076071091
65, 0.351480878448582, 0.351506804570906, 0.511414079074878, 0.188328774035098, 0.461646730423876, 0.244637634749771
66, 0.351480878448582, 0.351598235072116, 0.510472481798371, 0.207899156868748, 0.443697677193496, 0.244323624427846
67, 0.351480878448582, 0.354091194493226, 0.393927341967587, 0.168305111011008, 0.657009649377715, 0.197122675616593
68, 0.346240995638636, 0.346240995638636, 0.379305611946007, 0.161449812463859, 0.652619780707949, 0.191588777436729
69, 0.337844486486553, 0.337844486486553, 0.375844252201131, 0.157417405341923, 0.627766432723581, 0.190349855679577
70, 0.331083207410835, 0.331083207410835, 0.372814949857495, 0.149456573118413, 0.616444544398847, 0.185616762268586
71, 0.329220377425097, 0.329220377425097, 0.3827416586914, 0.154840370282878, 0.592869957821608, 0.186429522904502
72, 0.320138943613488, 0.320138943613488, 0.385173558812478, 0.135152779772506, 0.578719533789505, 0.181509902079463
73, 0.315968938136752, 0.315968938136752, 0.386065687696701, 0.12845182878318, 0.563329274429014, 0.186028961638111
74, 0.308637015975552, 0.308637015975552, 0.393073452690814, 0.124297458150396, 0.538027919054729, 0.179149234006267
75, 0.300440536093984, 0.300440536093984, 0.381893788969382, 0.108568583449821, 0.535277116343376, 0.176022655613355
76, 0.298242349627069, 0.298242349627069, 0.371596491649141, 0.107124623459486, 0.532189444168961, 0.182058839230687
77, 0.293403947765786, 0.293403947765786, 0.362831402535421, 0.105329407014433, 0.527826267667475, 0.177628713845816
78, 0.288869609047652, 0.288869609047652, 0.370351948703515, 0.105954890845793, 0.502453177090938, 0.176718419550361
79, 0.288869609047652, 0.289164540158587, 0.370618738457214, 0.105596968505921, 0.503080045840621, 0.177362407830592
80, 0.288866403053009, 0.288866403053009, 0.35928387826639, 0.108556187411583, 0.504990799940451, 0.182634746593611
81, 0.285861619862958, 0.285861619862958, 0.353288401730267, 0.104325414737676, 0.501057518286121, 0.184775144697768
82, 0.285782440052356, 0.285782440052356, 0.35344641504259, 0.106130181437869, 0.501239597005457, 0.182313566723509
83, 0.283068860521699, 0.283068860521699, 0.345270431970195, 0.0988632958343369, 0.505292357889228, 0.182849356393036
84, 0.281779767063894, 0.281779767063894, 0.342568462209814, 0.0995117967452576, 0.500608795927411, 0.184430013373094
85, 0.278298409877718, 0.278298409877718, 0.345449127855266, 0.105246146153709, 0.477523605489117, 0.18497476001278
86, 0.277359686547721, 0.277359686547721, 0.353383556999666, 0.109195157360808, 0.458017270786169, 0.188842761044242
87, 0.277330698143135, 0.277330698143135, 0.348653267395028, 0.114170493006937, 0.456800314459163, 0.189698717711414
88, 0.277196241439142, 0.277196241439142, 0.358070745048781, 0.111533291340508, 0.451074526599302, 0.188106402767978
89, 0.272714269180023, 0.272714269180023, 0.32652330042309, 0.100684867124889, 0.471136948141407, 0.192511961030705
90, 0.272714269180023, 0.273060715345715, 0.326758024471651, 0.101580246954549, 0.47120010371814, 0.192704486238519
91, 0.272693772227145, 0.272693772227145, 0.321742114711259, 0.0989367942120283, 0.475516966130022, 0.194579213855269
92, 0.272693772227145, 0.273296418355791, 0.3213192795766, 0.0991612927348836, 0.477082628625666, 0.195622472486015
93, 0.272693772227145, 0.272928866370657, 0.328625359813097, 0.0994626852817024, 0.473055566897962, 0.190571853489866
94, 0.27182787295133, 0.27182787295133, 0.318460897859809, 0.102424209754009, 0.473326063424723, 0.193100320766777
95, 0.270352594260751, 0.270352594260751, 0.327386064684438, 0.101620531667141, 0.455734653472897, 0.196669127218528
96, 0.267929337912086, 0.267929337912086, 0.31773372792801, 0.0978133079853484, 0.461747779346649, 0.194422536388337
97, 0.267929337912086, 0.268504793385508, 0.313216553713838, 0.102597522768001, 0.451011092979149, 0.207194004081042
98, 0.267364933494391, 0.267364933494391, 0.320223874958722, 0.0977198312456411, 0.457195334717407, 0.194320693055794
99, 0.266280880952687, 0.266280880952687, 0.313369608610865, 0.0971754377624729, 0.455450413657111, 0.199128063780301
100, 0.263198142999612, 0.263198142999612, 0.314285024682876, 0.0947556635714065, 0.45037052066093, 0.193381363083238
101, 0.262177527488291, 0.262177527488291, 0.305167135638859, 0.093635447583608, 0.457245104489512, 0.192662422241186
102, 0.261345285426486, 0.261345285426486, 0.304825255798278, 0.0992511616004267, 0.447986417499513, 0.193318306807726
103, 0.261345285426486, 0.261390083040533, 0.304941653150322, 0.0992891889799857, 0.447976169613477, 0.193353320418349
104, 0.261345285426486, 0.261348742290953, 0.304941653150322, 0.0992265431649538, 0.447873452430187, 0.193353320418349
105, 0.261345285426486, 0.261391353416768, 0.30504855812756, 0.0992891889799857, 0.447873452430187, 0.19335421412934
106, 0.25986980599002, 0.25986980599002, 0.300866433874535, 0.105597692010098, 0.440244695686244, 0.192770402389203
107, 0.258084537689057, 0.258084537689057, 0.294814485425693, 0.0995982410243615, 0.444603780977413, 0.193321643328761
108, 0.258925324343527, 0.258925324343527, 0.296883668785884, 0.105802530512776, 0.440244695686244, 0.192770402389203
109, 0.258843452697791, 0.258843452697791, 0.302458528933492, 0.101769727875223, 0.439845465056218, 0.19130008892623
110, 0.258769264343124, 0.258769264343124, 0.302522525289654, 0.101621284111486, 0.439462360944528, 0.191470887026828
111, 0.258769264343124, 0.258769264343124, 0.302522525289654, 0.101621284111486, 0.439462360944528, 0.191470887026828
112, 0.258769264343124, 0.259084625916863, 0.296315959174762, 0.104631823580124, 0.440875973410152, 0.194514747502415
113, 0.258769264343124, 0.261768603909805, 0.297820461994654, 0.11209990122528, 0.428657315616301, 0.208496736802987
114, 0.258769264343124, 0.264572701296614, 0.308554987359321, 0.0956499340279951, 0.452916008167168, 0.201169875631973
115, 0.258769264343124, 0.261872679908382, 0.311560076429824, 0.112778499909977, 0.425428397384739, 0.197723745908988
116, 0.258769264343124, 0.259010337667813, 0.301044531662819, 0.0922764366304107, 0.451392608271299, 0.191327774106722
117, 0.256729854876646, 0.256729854876646, 0.311792485265017, 0.112731983414738, 0.410517683482044, 0.191877267344785
118, 0.255642405373643, 0.255642405373643, 0.303514285522454, 0.107224524916288, 0.418250627067352, 0.19358018398848
119, 0.253513467729517, 0.253513467729517, 0.312102395867684, 0.109803238505024, 0.401047802654631, 0.191100433890728
120, 0.253507395752221, 0.253507395752221, 0.31216901613233, 0.10978930863793, 0.400994696361492, 0.191076561877133
121, 0.253507395752221, 0.253507395752221, 0.31216901613233, 0.10978930863793, 0.400994696361492, 0.191076561877133
122, 0.253507395752221, 0.253507395752221, 0.31216901613233, 0.10978930863793, 0.400994696361492, 0.191076561877133
123, 0.253507395752221, 0.253507395752221, 0.31216901613233, 0.10978930863793, 0.400994696361492, 0.191076561877133
124, 0.253507395752221, 0.253507395752221, 0.31216901613233, 0.10978930863793, 0.400994696361492, 0.191076561877133
125, 0.25293448658375, 0.25293448658375, 0.307599691737058, 0.108093974356234, 0.404939139473093, 0.191105140768617
126, 0.25293448658375, 0.253146789463633, 0.300210823329232, 0.11954383312436, 0.39300202050181, 0.199830480899132
127, 0.25293448658375, 0.254412141525877, 0.308135219882373, 0.110157350389562, 0.407804257750381, 0.191551738081192
128, 0.252511903735162, 0.252511903735162, 0.268446134515903, 0.101309251229899, 0.44628089916382, 0.194011330031025
129, 0.250837978965464, 0.250837978965464, 0.276932934982866, 0.101742524118156, 0.433027204880345, 0.191649251880487
130, 0.250837978965464, 0.252213777735625, 0.27871566856918, 0.099382771833639, 0.44217395953372, 0.18858271100596
131, 0.250837978965464, 0.253476434412589, 0.276776040690338, 0.1067029845184, 0.434843821422403, 0.195582891019213
132, 0.250837978965464, 0.25314892520058, 0.274715423619606, 0.108278738029672, 0.432146323606633, 0.197455215546409
133, 0.250837978965464, 0.251644400109766, 0.276914721971043, 0.1062237546448, 0.427687420727835, 0.195751703095386
134, 0.250573101900562, 0.250573101900562, 0.264125039580502, 0.0942054820548198, 0.445566645339412, 0.198395240627514
135, 0.250573101900562, 0.25073672510991, 0.238788444214432, 0.0956563587450895, 0.465007480956806, 0.20349461652331
136, 0.250435058681126, 0.250435058681126, 0.274635625932211, 0.102020282195183, 0.431188424305698, 0.193895902291411
137, 0.250229123872758, 0.250229123872758, 0.300157013911886, 0.108140596965419, 0.402883961677037, 0.189734922936691
138, 0.248747767136443, 0.248747767136443, 0.296902151905934, 0.105803147903007, 0.401767220142546, 0.190518548594284
139, 0.248747767136443, 0.248901819810379, 0.29702728918844, 0.106489685840209, 0.401694174164174, 0.190396130048693
140, 0.248233974278967, 0.248233974278967, 0.295494560058911, 0.108746459363491, 0.404358505372037, 0.184336372321429
141, 0.247608454424662, 0.247608454424662, 0.297315533252676, 0.10347795982472, 0.403944061794912, 0.185696262826342
142, 0.246717065520811, 0.246717065520811, 0.279960481623033, 0.0900218818532727, 0.425555502947975, 0.191330395658964
143, 0.244174881532277, 0.244174881532277, 0.271656872413762, 0.0995880733789899, 0.416322197350135, 0.189132382986221
144, 0.244174881532277, 0.246352045579142, 0.274055163354124, 0.104085992735324, 0.419847827630875, 0.187419198596246
145, 0.244174881532277, 0.244827591552098, 0.263118095406702, 0.102718540900058, 0.418279543582988, 0.195194186318643
146, 0.244174881532277, 0.247250253665113, 0.267668222824469, 0.107274475644689, 0.418597386932055, 0.19546092925924
147, 0.244174881532277, 0.245386988409341, 0.283717667755923, 0.0972520906183773, 0.413461567488049, 0.187116627775012
148, 0.244174881532277, 0.244342796160014, 0.274211633190868, 0.101726471972143, 0.405935845691304, 0.195497233785739
149, 0.243705035964806, 0.243705035964806, 0.274823872072422, 0.108384659041228, 0.391251816616542, 0.200359796129032
150, 0.243705035964806, 0.243744396341594, 0.266121274426176, 0.0917237083791199, 0.413877123238853, 0.203255479322229
151, 0.241250361441303, 0.241250361441303, 0.258622664904738, 0.0983570454913959, 0.411024556635935, 0.196997178733142
152, 0.239246608032802, 0.239246608032802, 0.28056118302464, 0.102079715651668, 0.385614247961664, 0.188731285493236
153, 0.239246608032802, 0.239972298560166, 0.261145765139045, 0.107092731395351, 0.398305222084401, 0.193345475621868
154, 0.239246608032802, 0.24148039742326, 0.267436334912283, 0.0973434257857198, 0.408327694347981, 0.192814134647054
155, 0.239246608032802, 0.24085622978486, 0.257193985322628, 0.0874265951955155, 0.420304533807776, 0.198499804813519
156, 0.239246608032802, 0.240758522132537, 0.274204996245882, 0.100907870405777, 0.390945889414029, 0.196975332464461
157, 0.239246608032802, 0.240481232620595, 0.247748474293684, 0.0867504081914101, 0.42449675332671, 0.202929294670575
158, 0.239246608032802, 0.240856782005636, 0.265915760652933, 0.0963953169716176, 0.398849194174561, 0.20226685622343
159, 0.239246608032802, 0.239551079579351, 0.260333781224222, 0.0938319127312734, 0.41218896275664, 0.19184966160527
160, 0.238532014144129, 0.238532014144129, 0.265978387174521, 0.105573951426361, 0.39458166460941, 0.187994053366224
161, 0.238532014144129, 0.240475603245459, 0.24073796963042, 0.093624556434059, 0.426083269078823, 0.201456617838535
162, 0.238532014144129, 0.239472043240369, 0.266387253855197, 0.102261334493615, 0.396724942448984, 0.19251464216368
163, 0.236778117408839, 0.236778117408839, 0.22053092241419, 0.0874739220154334, 0.4266745482708, 0.212433076934932
164, 0.235956628163985, 0.235956628163985, 0.236575968440246, 0.0889133383995347, 0.417363271354013, 0.200973934462147
165, 0.234940103042741, 0.234940103042741, 0.226874761388322, 0.08314747314912, 0.424200557643882, 0.205537619989638
166, 0.233727530438791, 0.233727530438791, 0.22834579008161, 0.0831911438612619, 0.419899940911801, 0.203473246900491
167, 0.233179011783806, 0.233179011783806, 0.223394802762729, 0.0856822073305984, 0.422833974236656, 0.200805062805242
168, 0.23181647298835, 0.23181647298835, 0.226033663665404, 0.0863054434756477, 0.420018824333915, 0.194907960478432
169, 0.228940528803931, 0.228940528803931, 0.244275249080301, 0.0825980730170448, 0.39821454020913, 0.190674252909248
170, 0.228940528803931, 0.229659540105001, 0.233575837785038, 0.0888511170402868, 0.401919389334032, 0.194291816260646
171, 0.227247411544128, 0.227247411544128, 0.216513332657806, 0.0861137823957195, 0.407997259604057, 0.198365271518932
172, 0.227247411544128, 0.229081914678674, 0.230868330806021, 0.087322989397326, 0.404888138365845, 0.193248200145504
173, 0.227247411544128, 0.229350391981655, 0.210914143476396, 0.081388460853099, 0.420826302144859, 0.204272661452267
174, 0.227247411544128, 0.228072006533707, 0.205012703189878, 0.0810628550331465, 0.419348541090289, 0.206863926821514
175, 0.227247411544128, 0.228863165244056, 0.220600687510327, 0.0764556238423451, 0.411597604123686, 0.206798745499867
176, 0.227247411544128, 0.22728866074092, 0.235138626101453, 0.0875459830314925, 0.395078925405081, 0.191391108425653
177, 0.224981260686537, 0.224981260686537, 0.22146873817553, 0.0801566949912443, 0.406018861512292, 0.192280748067082
178, 0.224981260686537, 0.226410778780265, 0.221106465163872, 0.0821608642660631, 0.41291302754171, 0.189462758149413
179, 0.224981260686537, 0.226572791595981, 0.209709267853131, 0.0798437601411169, 0.419763659915719, 0.196974478473958
180, 0.224981260686537, 0.225766740382386, 0.228294585279302, 0.0907175070029416, 0.392100246251141, 0.191954622996161
181, 0.224981260686537, 0.225766494574983, 0.241556320382004, 0.0968760420871834, 0.376352105289164, 0.188281510541579
182, 0.224981260686537, 0.225522915877865, 0.244028582389453, 0.0914559925400738, 0.377964240756367, 0.188642847825565
183, 0.22484017552418, 0.22484017552418, 0.238712620976651, 0.0864374781646439, 0.383800411853801, 0.190410191101625
184, 0.222512096981853, 0.222512096981853, 0.225340430902882, 0.0917718455237163, 0.37842277407574, 0.194513337425073
185, 0.222512096981853, 0.22372831350834, 0.226750357256716, 0.0929947122841903, 0.386641499235539, 0.188526685256914
186, 0.220007946883643, 0.220007946883643, 0.225513145820087, 0.0815998880671511, 0.388183170556123, 0.18473558309121
187, 0.220007946883643, 0.22301867585484, 0.224783371273249, 0.0977085831673647, 0.378160023044239, 0.191422725934508
188, 0.220007946883643, 0.222201880127509, 0.220577940538992, 0.0836786216824825, 0.390103775337104, 0.194447182951458
189, 0.220007946883643, 0.22125065164241, 0.224180624766501, 0.0897032216734223, 0.382454284498158, 0.18866447563156
190, 0.220007946883643, 0.221491276251254, 0.234450544688673, 0.0932573539472729, 0.374663229838158, 0.183593976530911
191, 0.219419641102144, 0.219419641102144, 0.207672130904633, 0.0796347156674888, 0.396340646722639, 0.194031071113815
192, 0.219419641102144, 0.220083344422632, 0.210781481750446, 0.0837103593990601, 0.387042318685106, 0.198799217855917
193, 0.216768965081141, 0.216768965081141, 0.211933416161378, 0.0759835421900174, 0.384866509765441, 0.19429239220773
194, 0.216768965081141, 0.218214334116285, 0.212938990500602, 0.0763339063229172, 0.393333646860389, 0.19025079278123
195, 0.216768965081141, 0.217600141219118, 0.208493568607374, 0.0737024878665455, 0.38667109099948, 0.201533417403071
196, 0.216768965081141, 0.2178034254211, 0.187015430665572, 0.0741195108509806, 0.405427820643246, 0.204650939524603
197, 0.215326393508826, 0.215326393508826, 0.201688133968124, 0.0765080971886441, 0.391155534152391, 0.191953808726146
198, 0.215326393508826, 0.219066002396783, 0.223031642252613, 0.083644395111535, 0.377425035124828, 0.192162937098158
199, 0.215326393508826, 0.218999406455512, 0.199373923859887, 0.0789607522328882, 0.395545164499226, 0.202117785230048
200, 0.215326393508826, 0.215936163757483, 0.210814897996715, 0.0801832910048018, 0.378986407807713, 0.193760058220703
201, 0.215326393508826, 0.216882909884239, 0.207653744251808, 0.0811392956611589, 0.386046565758619, 0.192692033865371
202, 0.215326393508826, 0.217151492202222, 0.218344338442829, 0.0820544416249433, 0.381620193959912, 0.186586994781204
203, 0.215326393508826, 0.21663208788748, 0.218689054419785, 0.0803861422826723, 0.38217782989812, 0.185275324949344
204, 0.215326393508826, 0.218317921833115, 0.192206698545097, 0.0783922130036428, 0.399957475245, 0.202715300538721
205, 0.215326393508826, 0.215727927181419, 0.227880297140657, 0.0878356065770273, 0.362898021141151, 0.18429778386684
206, 0.215326393508826, 0.216451299607101, 0.230374900957101, 0.0809410362231338, 0.367729303599741, 0.186759957648426
207, 0.215148380291404, 0.215148380291404, 0.220547071027428, 0.088766187296594, 0.359222604898235, 0.192057657943359
208, 0.215148380291404, 0.215982373824861, 0.213331341992591, 0.0758288618202717, 0.37730253713826, 0.197466754348321
209, 0.215148380291404, 0.216920205999026, 0.229241430372775, 0.0844407995697408, 0.362921098744976, 0.191077495308613
210, 0.214630918500781, 0.214630918500781, 0.19560903964255, 0.073098328114971, 0.395118526732127, 0.194697779513475
211, 0.214630918500781, 0.215024587389091, 0.212043986893114, 0.0806898838063867, 0.375643531494614, 0.19172094736225
212, 0.211815909861324, 0.211815909861324, 0.213329046072669, 0.0798774513189732, 0.361621484081379, 0.192435657972275
213, 0.211815909861324, 0.214108412514771, 0.197939436950913, 0.0710110089167356, 0.39132390930319, 0.196159294888243
214, 0.211499527655717, 0.211499527655717, 0.184205977124612, 0.0703658168315857, 0.391399179628918, 0.200027137037751
215, 0.211499527655717, 0.212072031915487, 0.193031898469559, 0.0838589092767436, 0.375152387654173, 0.196244932261473
216, 0.208214956984976, 0.208214956984976, 0.210230750370685, 0.0771842311357765, 0.368749246303731, 0.176695600129711
217, 0.208214956984976, 0.210986788586954, 0.213042673472571, 0.0751312349757123, 0.367841077054411, 0.187932168845124
218, 0.208214956984976, 0.210346663188413, 0.195386779159283, 0.0745664676149112, 0.380075623043667, 0.191357782935792
219, 0.208214956984976, 0.209035748621048, 0.213841518551535, 0.073910799189274, 0.365364742918671, 0.183025933824713
220, 0.208125554577506, 0.208125554577506, 0.203839738924193, 0.0706621255557187, 0.36651862310992, 0.191481730720191
221, 0.208125554577506, 0.208887360670796, 0.208001836581591, 0.0778303444829121, 0.366699192450692, 0.183018069167988
222, 0.206748343398132, 0.206748343398132, 0.208497485176653, 0.0802581061600959, 0.360468040815503, 0.177769741440274
223, 0.206748343398132, 0.208178175800441, 0.184466091346435, 0.0733584568068778, 0.380466552091594, 0.194421602956857
224, 0.206748343398132, 0.208622591970082, 0.200024248001334, 0.0753498586446479, 0.367678739417866, 0.191437521816478
225, 0.206748343398132, 0.20738335722046, 0.188292946108238, 0.0673316959501284, 0.375414781201278, 0.198494005622197
226, 0.206748343398132, 0.206930208278714, 0.219630439468399, 0.084265528271109, 0.336575054802358, 0.18724981057299
227, 0.206748343398132, 0.206960625544914, 0.209698617871641, 0.0880382166868386, 0.348739732452322, 0.181365935168854
228, 0.206331216428018, 0.206331216428018, 0.2084008828989, 0.0894959329032645, 0.338918126699143, 0.188509923210763
229, 0.204163176820611, 0.204163176820611, 0.199130768575979, 0.081895560107608, 0.345490397889666, 0.190135980709189
230, 0.204163176820611, 0.20615693541701, 0.22122969239535, 0.0888893662944601, 0.334108174142884, 0.180400508835346
231, 0.204163176820611, 0.205405285252325, 0.217316325827386, 0.0839815094712678, 0.338401998671429, 0.181921307039217
232, 0.204163176820611, 0.204467450733652, 0.188109716263656, 0.0745166326471787, 0.362834706682464, 0.192408747341309
233, 0.204163176820611, 0.204187588959674, 0.200070320747345, 0.0744836890903056, 0.355357006956329, 0.186839339044716
234, 0.201448260585903, 0.201448260585903, 0.178675877768773, 0.0637429464130747, 0.367840282644641, 0.195533935517123
235, 0.201448260585903, 0.202714633618696, 0.173240084770766, 0.0662808495428495, 0.373423990317098, 0.197913609844072
236, 0.201448260585903, 0.202159892119695, 0.200145815996565, 0.0783649079559915, 0.346898250884456, 0.183230593641767
237, 0.199489469879223, 0.199489469879223, 0.180770624943229, 0.0711502352372542, 0.358225342593185, 0.187811676743225
238, 0.199489469879223, 0.201290113731533, 0.217329175261575, 0.0679739747251244, 0.331911948892124, 0.187945356047309
239, 0.199489469879223, 0.202513161419947, 0.173081839937106, 0.0746986325346593, 0.364934291984676, 0.197337881223347
240, 0.199489469879223, 0.200990077204863, 0.202073848515126, 0.0750428179418849, 0.344719224605222, 0.182124417757219
241, 0.199356262337935, 0.199356262337935, 0.18698012366172, 0.0740649104024003, 0.353568115315251, 0.18281189997237
242, 0.199356262337935, 0.200302604143776, 0.176461819932119, 0.0836920499200132, 0.353159907854822, 0.18789663886815
243, 0.199356262337935, 0.19939013716806, 0.187450073388405, 0.0694972886536255, 0.357229788269142, 0.183383398361069
244, 0.199356262337935, 0.199501272671421, 0.19045361898333, 0.0736442554269952, 0.355673857293182, 0.178233358982177
245, 0.198549005914675, 0.198549005914675, 0.197390577035291, 0.072607208656058, 0.345291636565156, 0.178906601402197
246, 0.197138832930936, 0.197138832930936, 0.188407279061696, 0.0703642202990345, 0.347814443672455, 0.18196938869056
247, 0.196545968141187, 0.196545968141187, 0.178354178871378, 0.054868420057496, 0.369432041501237, 0.183529232134638
248, 0.195880057612561, 0.195880057612561, 0.179460407111749, 0.0591136676383103, 0.362873116394854, 0.18207303930533
249, 0.195880057612561, 0.197710395445615, 0.193559111140197, 0.0620373094318937, 0.358861347055226, 0.176383814155143
250, 0.195880057612561, 0.196901597765317, 0.165193329191159, 0.06297262186878, 0.376926701875967, 0.182513738125361
251, 0.195880057612561, 0.196140883356006, 0.176756585180674, 0.0699100670802204, 0.361147221448555, 0.176749659714575
252, 0.193057652659859, 0.193057652659859, 0.159066338889048, 0.0559996767190401, 0.360330885968674, 0.196833709062674
253, 0.193057652659859, 0.19751182255631, 0.191801690553366, 0.0711502882942272, 0.344797672570032, 0.182297638807616
254, 0.193057652659859, 0.195405770527455, 0.168275514866795, 0.0604464105665103, 0.367129921428107, 0.185771235248406
255, 0.19288090986637, 0.19288090986637, 0.168570665984245, 0.0608650445535802, 0.36056257557816, 0.181525353349494
256, 0.19288090986637, 0.193459797721673, 0.151652495117022, 0.0644821602777453, 0.375327316685576, 0.182377218806348
257, 0.19045548390035, 0.19045548390035, 0.142697558507178, 0.0489878649248956, 0.378425276466516, 0.191711235702809
258, 0.19045548390035, 0.193011960706942, 0.188346774819029, 0.0567488894114411, 0.340389691357505, 0.186562487239793
259, 0.19045548390035, 0.192709332204452, 0.159968731885867, 0.0796427320937732, 0.351725601014684, 0.179500263823485
260, 0.19045548390035, 0.193692206835824, 0.197285813630417, 0.0563552886689059, 0.338640559925427, 0.182487165118547
261, 0.190333662571292, 0.190333662571292, 0.158933628929486, 0.0697325480952778, 0.351539351644055, 0.181129121616351
262, 0.190333662571292, 0.193219886393184, 0.167025743397648, 0.0794978479705881, 0.337117795557375, 0.189238158647127
263, 0.190333662571292, 0.191851522271495, 0.1599883726126, 0.0705751362368013, 0.352689259786453, 0.184153320450125
264, 0.190333662571292, 0.191746512936474, 0.171795314455752, 0.0430447266809587, 0.375164542123658, 0.176981468485526
265, 0.190333662571292, 0.191804110013391, 0.164506829840847, 0.0646319015256407, 0.359716489452383, 0.178361219234694
266, 0.189391226729603, 0.189391226729603, 0.166206813842722, 0.0388290776560379, 0.375366322205294, 0.177162693214358
267, 0.189391226729603, 0.190730591221261, 0.165232147601952, 0.0674488843334065, 0.352709199471686, 0.177532133478001
268, 0.189391226729603, 0.189858502724526, 0.144245461930985, 0.0392034331874569, 0.386825921463697, 0.189159194315966
269, 0.189391226729603, 0.19119795955635, 0.163384819562689, 0.0636127156611605, 0.362580495555992, 0.175213807445558
270, 0.189391226729603, 0.190107094561774, 0.174625875025245, 0.064333320998391, 0.346154087532199, 0.175315094691261
271, 0.189391226729603, 0.190570084491129, 0.169827672495165, 0.0720197907911462, 0.345069003227051, 0.175363871451153
272, 0.186823754417864, 0.186823754417864, 0.165199773201699, 0.0608989817228568, 0.342561289905387, 0.178634972841513
273, 0.186303972733705, 0.186303972733705, 0.159010069557499, 0.0783963562708982, 0.323166629355888, 0.184642835750537
274, 0.186303972733705, 0.187007324548124, 0.160904666536346, 0.0692880271287442, 0.338397510256227, 0.179439094271177
275, 0.186303972733705, 0.186556773248293, 0.164854594182069, 0.0720136168888333, 0.326959896288216, 0.182398985634053
276, 0.186303972733705, 0.187401836507809, 0.180729819307629, 0.0561564841910671, 0.328217188771304, 0.184503853761236
277, 0.185186500996605, 0.185186500996605, 0.161447767358717, 0.066751706061437, 0.329709408083691, 0.182837122482575
278, 0.185186500996605, 0.18645705031915, 0.166738425418758, 0.0798167203783306, 0.314248922899513, 0.18502413258
279, 0.181184792144443, 0.181184792144443, 0.15960091200885, 0.0599142973609114, 0.330296576205108, 0.174927383002904
280, 0.181184792144443, 0.185138291412496, 0.1661637122872, 0.0611522033615509, 0.329475931052223, 0.183761318949009
281, 0.181184792144443, 0.184799589327212, 0.157970963211337, 0.0654612398939972, 0.334216968560916, 0.1815491856426
282, 0.181184792144443, 0.183894866183049, 0.161236234030719, 0.0565585209923097, 0.338271993512532, 0.179512716196633
283, 0.181184792144443, 0.183668791689512, 0.156582558695096, 0.0579487197989098, 0.333739131084126, 0.186404757179915
284, 0.181184792144443, 0.184528482240982, 0.164723514518587, 0.0766102366850343, 0.32355142158834, 0.173228756171968
285, 0.181184792144443, 0.182451404171282, 0.15874022179281, 0.0622789646504734, 0.319406529031467, 0.189379901210379
286, 0.181184792144443, 0.183194278367702, 0.155085146216143, 0.0509486191257152, 0.337354648830367, 0.189388699298584
287, 0.181184792144443, 0.183700919002735, 0.165411981800262, 0.0572823869216992, 0.334176135898726, 0.177933171390254
288, 0.181184792144443, 0.182361563533616, 0.147698863129911, 0.0575636708757503, 0.334161439317977, 0.190022280810825
289, 0.181184792144443, 0.183441603432923, 0.173771638466467, 0.0622620008891963, 0.327169441725356, 0.170563332650671
290, 0.181184792144443, 0.182419881727868, 0.159042694772534, 0.0551023675449068, 0.334375095825679, 0.181159368768352
291, 0.181184792144443, 0.181695902037631, 0.156145321003948, 0.0541501733438835, 0.337827441805115, 0.17866067199758
292, 0.181184792144443, 0.184113489421307, 0.140822361087005, 0.0460884894614189, 0.354858276502582, 0.19468483063422
293, 0.180088819968377, 0.180088819968377, 0.15926356612778, 0.0448991402377987, 0.334424547833875, 0.181768025674053
294, 0.180088819968377, 0.181713114958815, 0.158817839320951, 0.0444261325001241, 0.346063445377417, 0.177545042636767
295, 0.180088819968377, 0.182986761123208, 0.167513423800038, 0.0506770253042788, 0.331282478450443, 0.182474116938071
296, 0.180088819968377, 0.181862612339534, 0.15704993274691, 0.0570504604226237, 0.337136702509906, 0.176213353678697
297, 0.180088819968377, 0.18220190599475, 0.151305618274257, 0.0466104880786191, 0.36062418205584, 0.170267335570285
298, 0.180088819968377, 0.182153991362352, 0.157041308577117, 0.0574570022432102, 0.338674203179196, 0.175443451449885
299, 0.180088819968377, 0.183109272281422, 0.154013183133609, 0.0577973144914067, 0.340190651989575, 0.180435939511098
300, 0.179327275419939, 0.179327275419939, 0.181586081678104, 0.0425341304895928, 0.321028316577378, 0.172160572934682
301, 0.179327275419939, 0.179816470640067, 0.17536469819766, 0.0440937691511556, 0.332459952611868, 0.167347462599585
302, 0.178618927302628, 0.178618927302628, 0.153407388262594, 0.0433762989986934, 0.346215257084507, 0.171476764864718
303, 0.178618927302628, 0.181245331961081, 0.155306538494397, 0.0521997604294381, 0.33789667461659, 0.179578354303898
304, 0.178618927302628, 0.179300957375806, 0.153117002625992, 0.0421509289137659, 0.347653774296427, 0.17428212366704
305, 0.178618927302628, 0.179379480808875, 0.164174866830856, 0.0441919920782659, 0.339100562902875, 0.170050501423503
306, 0.178618927302628, 0.17966719891281, 0.14112847088106, 0.0483447131215258, 0.345890025724577, 0.183305585924076
307, 0.178618927302628, 0.180594321615793, 0.159226214018787, 0.0445388062173357, 0.336418238313716, 0.182194027913335
308, 0.178318093555823, 0.178318093555823, 0.160187326614636, 0.049920635450439, 0.334305863014204, 0.168858549144016
309, 0.178318093555823, 0.178530489516585, 0.172806811882508, 0.0492912784600497, 0.319224410591643, 0.172799457132139
310, 0.178318093555823, 0.179013137512492, 0.177533763721208, 0.0556080101443389, 0.309790079601448, 0.173120696582973
311, 0.178318093555823, 0.179093977322304, 0.145037091261621, 0.0450678855287511, 0.351546779375406, 0.174724153123437
312, 0.174174640475171, 0.174174640475171, 0.163217043767334, 0.0547957705913726, 0.305738470611843, 0.172947276930134
313, 0.174174640475171, 0.176349870327945, 0.17297943033249, 0.0443880327701474, 0.315123647497506, 0.172908370711637
314, 0.174174640475171, 0.175307605095484, 0.159715997406652, 0.0439021804216451, 0.325978303715883, 0.171633938837756
315, 0.174174640475171, 0.175227022122579, 0.157472246958562, 0.0374839845115313, 0.336270875301339, 0.169680981718883
316, 0.173895603613618, 0.173895603613618, 0.142419366327645, 0.0484137884770133, 0.332039411939756, 0.172709847710058
317, 0.173895603613618, 0.178071441523087, 0.157952692319179, 0.0526717842014316, 0.326339780021579, 0.175321509550156
318, 0.173895603613618, 0.17782931920747, 0.169348114633005, 0.0479146043582039, 0.322799155256427, 0.171255402582245
319, 0.173895603613618, 0.175651355091761, 0.154336705261531, 0.0369339573425024, 0.331735907687043, 0.179598850075969
320, 0.173895603613618, 0.174760304740981, 0.157899519585509, 0.0510581576581586, 0.318590610616715, 0.171492931103542
321, 0.173895603613618, 0.176778650249411, 0.158328538269204, 0.0483428416573872, 0.328081205678886, 0.172362015392166
322, 0.173779066891689, 0.173779066891689, 0.168678902209169, 0.0319784529458736, 0.321653199302635, 0.17280571310908
323, 0.173779066891689, 0.174523340669597, 0.156406969054627, 0.0399371628904636, 0.327185190899051, 0.174564039834248
324, 0.172769121717249, 0.172769121717249, 0.157439409515635, 0.0436555378476032, 0.316905647633827, 0.173075891871933
325, 0.172691773244379, 0.172691773244379, 0.165484312924547, 0.0346312750674904, 0.315781220184808, 0.174870284800669
326, 0.172691773244379, 0.173733035637722, 0.15837683940808, 0.0456117532655506, 0.31933467466775, 0.171608875209506
327, 0.171329220016459, 0.171329220016459, 0.158680633988768, 0.0360348683480929, 0.317879018065037, 0.172722359663939
328, 0.17055681936402, 0.17055681936402, 0.165039541143232, 0.0332427379088175, 0.315636141100521, 0.16830885730351
329, 0.17055681936402, 0.172298600109534, 0.167339030353142, 0.0306223770079556, 0.312341703923161, 0.178891289153876
330, 0.167853522777732, 0.167853522777732, 0.160807311814248, 0.0283429505688827, 0.312319460449595, 0.169944368278201
331, 0.167853522777732, 0.171775610192756, 0.161795772867999, 0.041600925861543, 0.313711623851422, 0.169994118190061
332, 0.167853522777732, 0.169359996127823, 0.166098249629238, 0.0320870509228865, 0.308013243128634, 0.171241440830533
333, 0.167853522777732, 0.169457241224289, 0.146082931019993, 0.0320165502641697, 0.326982239063003, 0.172747244549991
334, 0.167853522777732, 0.17076881870058, 0.144625484911793, 0.0334389112431314, 0.327631093103077, 0.177379785544316
335, 0.167853522777732, 0.172050325454454, 0.166249047193232, 0.0308469430578674, 0.316344436851652, 0.174760874715065
336, 0.167853522777732, 0.169673495617861, 0.159039530647598, 0.040708078296503, 0.306502216164936, 0.172444157362407
